                                 V7             V8               V9           V10
                       version:   0   [2]        0   [2]          0   [2]       0   [2]   
                   ac_exitcode:   4   [4]        4   [4]          4   [4]       4   [4]   
                       ac_flag:   8   [1]        8   [1]          8   [1]       8   [1]   
                       ac_nice:   9   [1]        9   [1]          9   [1]       9   [1]   
                     cpu_count:  16   [8]       16   [8]         16   [8]      16   [8]   
               cpu_delay_total:  24   [8]       24   [8]         24   [8]      24   [8]   
                   blkio_count:  32   [8]       32   [8]         32   [8]      32   [8]   
             blkio_delay_total:  40   [8]       40   [8]         40   [8]      40   [8]   
                  swapin_count:  48   [8]       48   [8]         48   [8]      48   [8]   
            swapin_delay_total:  56   [8]       56   [8]         56   [8]      56   [8]   
            cpu_run_real_total:  64   [8]       64   [8]         64   [8]      64   [8]   
         cpu_run_virtual_total:  72   [8]       72   [8]         72   [8]      72   [8]   
                       ac_comm:  80   [32]      80   [32]        80   [32]     80   [32]  
                      ac_sched: 112   [1]      112   [1]        112   [1]     112   [1]   
                        ac_pad: 113   [3]      113   [3]        113   [3]     113   [3]   
                        ac_uid: 120   [4]      120   [4]        120   [4]     120   [4]   
                        ac_gid: 124   [4]      124   [4]        124   [4]     124   [4]   
                        ac_pid: 128   [4]      128   [4]        128   [4]     128   [4]   
                       ac_ppid: 132   [4]      132   [4]        132   [4]     132   [4]   
                      ac_btime: 136   [4]      136   [4]        136   [4]     136   [4]   
                      ac_etime: 144   [8]      144   [8]        144   [8]     144   [8]   
                      ac_utime: 152   [8]      152   [8]        152   [8]     152   [8]   
                      ac_stime: 160   [8]      160   [8]        160   [8]     160   [8]   
                     ac_minflt: 168   [8]      168   [8]        168   [8]     168   [8]   
                     ac_majflt: 176   [8]      176   [8]        176   [8]     176   [8]   
                       coremem: 184   [8]      184   [8]        184   [8]     184   [8]   
                       virtmem: 192   [8]      192   [8]        192   [8]     192   [8]   
                   hiwater_rss: 200   [8]      200   [8]        200   [8]     200   [8]   
                    hiwater_vm: 208   [8]      208   [8]        208   [8]     208   [8]   
                     read_char: 216   [8]      216   [8]        216   [8]     216   [8]   
                    write_char: 224   [8]      224   [8]        224   [8]     224   [8]   
                 read_syscalls: 232   [8]      232   [8]        232   [8]     232   [8]   
                write_syscalls: 240   [8]      240   [8]        240   [8]     240   [8]   
                    read_bytes: 248   [8]      248   [8]        248   [8]     248   [8]   
                   write_bytes: 256   [8]      256   [8]        256   [8]     256   [8]   
         cancelled_write_bytes: 264   [8]      264   [8]        264   [8]     264   [8]   
                         nvcsw: 272   [8]      272   [8]        272   [8]     272   [8]   
                        nivcsw: 280   [8]      280   [8]        280   [8]     280   [8]   
                ac_utimescaled: 288   [8]      288   [8]        288   [8]     288   [8]   
                ac_stimescaled: 296   [8]      296   [8]        296   [8]     296   [8]   
     cpu_scaled_run_real_total: 304   [8]      304   [8]        304   [8]     304   [8]   
               freepages_count: 312   [8]      312   [8]        312   [8]     312   [8]   
         freepages_delay_total: 320   [8]      320   [8]        320   [8]     320   [8]   
               thrashing_count:  --             --              328   [8]     328   [8]   
         thrashing_delay_total:  --             --              336   [8]     336   [8]   
                    ac_btime64:  --             --               --           344   [8]   

